0 0.104847 0.888119 0.117086 0.056379
0 0.113998 0.955179 0.225993 0.089641
0 0.191685 0.828002 0.245316 0.268205
0 0.240603 0.716000 0.203178 0.160316
0 0.323571 0.561862 0.053154 0.026276
0 0.579271 0.924916 0.096404 0.062270
0 0.579282 0.766082 0.174562 0.037989
0 0.586035 0.973659 0.175242 0.052682
0 0.681943 0.910431 0.097962 0.090141
0 0.761278 0.973659 0.175242 0.052682
0 0.785581 0.851452 0.074873 0.199055
0 0.792152 0.610707 0.078717 0.046061
0 0.792965 0.766996 0.076943 0.027447
0 0.855722 0.644310 0.086053 0.046341
0 0.858160 0.820080 0.076692 0.312011
0 0.858645 0.572648 0.027111 0.034725
0 0.870869 0.610707 0.078717 0.046061
0 0.874405 0.811697 0.074104 0.139585
0 0.874767 0.762290 0.076821 0.035387
0 0.878694 0.982343 0.080519 0.031026
0 0.901853 0.679888 0.065246 0.040928
0 0.941775 0.644310 0.086053 0.046341
0 0.959212 0.982343 0.080519 0.031026
0 0.967099 0.679888 0.065246 0.040928
